Result
-2.1999999999991401E-2
-2.3499999999998501E-2
-2.6499999999998601E-2
-0.0275000000000034
-0.0275000000000034
-0.0275000000000034
-2.8000000000005801E-2
-2.8000000000005801E-2
-0.0305000000000035
-3.1999999999996503E-2
-3.2499999999998898E-2
-2.7999999999991601E-2
-3.1999999999996503E-2
-3.1999999999996503E-2
-3.1000000000005901E-2
-2.7999999999991601E-2
-2.6499999999998601E-2
-2.7000000000000999E-2
-2.2000000000005598E-2
-2.1999999999991401E-2
-2.5499999999993899E-2
-2.4999999999991501E-2
-2.4999999999991501E-2
-2.4999999999991501E-2
-2.5499999999993899E-2
-2.5499999999993899E-2
-2.5499999999993899E-2
-2.5499999999993899E-2
-2.5499999999993899E-2
-2.4999999999991501E-2
-2.4999999999991501E-2
-2.4999999999991501E-2
-2.4999999999991501E-2
-0.0259999999999962
-2.5499999999993899E-2
-2.4999999999991501E-2
-2.9499999999998701E-2
-0.0289999999999964
-2.8499999999993999E-2
-2.9499999999998701E-2
-2.9999999999986902E-2
-2.9999999999986902E-2
-3.1499999999994102E-2
-3.1499999999994102E-2
-3.3499999999989399E-2
-3.2499999999998898E-2
-0.0304999999999893
-0.0304999999999893
-0.0304999999999893
-3.0999999999991701E-2
-3.2499999999998898E-2
-3.1499999999994102E-2
-3.1999999999996503E-2
-3.2999999999986998E-2
-3.2999999999986998E-2
-3.1499999999994102E-2
-3.4499999999994202E-2
-3.4499999999994202E-2
-3.4499999999994202E-2
-3.7499999999994302E-2
-0.0369999999999919
-0.0369999999999919
-4.0499999999994402E-2
-4.0999999999996803E-2
-3.8999999999987302E-2
-3.9499999999989703E-2
-3.8999999999987302E-2
-3.7499999999994302E-2
-0.0369999999999919
-0.0369999999999919
-0.0369999999999919
-3.4499999999994202E-2
-3.5499999999998998E-2
-3.4999999999996603E-2
-3.4499999999994202E-2
-3.4999999999996603E-2
-3.4500000000008399E-2
-3.4500000000008399E-2
-3.7000000000006097E-2
-3.6000000000001399E-2
-3.4999999999996603E-2
-3.7999999999996703E-2
-0.0365000000000038
-3.7500000000008499E-2
-0.0365000000000038
-3.9000000000001499E-2
-0.0320000000000107
-3.1500000000008299E-2
-3.2499999999998898E-2
-3.3499999999989399E-2
-3.3499999999989399E-2
-0.0320000000000107
-0.0320000000000107
-3.3000000000001299E-2
-3.3500000000003603E-2
-3.4500000000008399E-2
-3.4000000000005998E-2
-3.6000000000001399E-2
-3.7000000000006097E-2
-3.9000000000001499E-2
-3.3499999999989399E-2
-0.0274999999999892
-2.1500000000003201E-2
-1.8999999999991201E-2
-0.0184999999999889
-1.3499999999993399E-2
-1.3499999999993399E-2
-1.9499999999993599E-2
-0.012999999999991
-0.0114999999999981
-1.9499999999993599E-2
-2.2000000000005598E-2
-0.0245000000000033
-0.0245000000000033
-2.6499999999998601E-2
-2.7000000000000999E-2
-2.7000000000000999E-2
-2.6499999999998601E-2
-0.0259999999999962
-3.0000000000001099E-2
-2.9499999999998701E-2
-2.9499999999998701E-2
-2.7999999999991601E-2
-2.6499999999998601E-2
-2.7000000000000999E-2
-2.5499999999993899E-2
-2.5499999999993899E-2
-2.6499999999998601E-2
-2.2000000000005598E-2
-2.1000000000000799E-2
-2.1000000000000799E-2
-2.2499999999993699E-2
-2.1500000000003201E-2
-2.0499999999998401E-2
-2.1500000000003201E-2
-2.0499999999998401E-2
-1.9000000000005499E-2
-1.8500000000003101E-2
-1.8999999999991201E-2
-0.019999999999996
-1.7499999999998302E-2
-1.7499999999998302E-2
-1.7499999999998302E-2
-0.0144999999999982
-1.8000000000000699E-2
-2.1000000000000799E-2
-2.0499999999998401E-2
-0.0229999999999961
-0.0229999999999961
-2.3499999999998501E-2
-2.4000000000000899E-2
-2.6499999999998601E-2
-0.0275000000000034
-0.0275000000000034
-2.3499999999998501E-2
-2.4999999999991501E-2
-2.4999999999991501E-2
-2.4999999999991501E-2
-2.1500000000003201E-2
-2.1500000000003201E-2
-2.1000000000000799E-2
-2.1000000000000799E-2
-1.9499999999993599E-2
-1.9499999999993599E-2
-1.9499999999993599E-2
-1.8500000000003101E-2
-0.0169999999999959
-0.0124999999999886
-0.0114999999999981
-0.0124999999999886
-1.3499999999993399E-2
-1.0999999999995701E-2
-0.012999999999991
-1.3499999999993399E-2
-1.6000000000005302E-2
-1.3499999999993399E-2
-0.0144999999999982
-0.0130000000000052
-1.4999999999929499E-3
0
5.0000000000238699E-4
4.9999999999954499E-3
4.9999999999954499E-3
4.0000000000048903E-3
4.0000000000048903E-3
4.0000000000048903E-3
4.5000000000072803E-3
4.5000000000072803E-3
0.0114999999999981
1.0999999999995701E-2
1.0999999999995701E-2
1.2500000000002801E-2
1.0999999999995701E-2
7.9999999999955697E-3
1.2500000000002801E-2
1.2500000000002801E-2
1.2500000000002801E-2
1.2500000000002801E-2
1.2500000000002801E-2
0.0130000000000052
0.0120000000000005
0.0120000000000005
0.0114999999999981
1.2500000000002801E-2
0.0120000000000005
0.0120000000000005
1.0499999999993299E-2
9.0000000000003393E-3
9.5000000000027302E-3
1.0499999999993299E-2
0.0114999999999981
1.4999999999986399E-2
1.9499999999993599E-2
1.9000000000005499E-2
0.019999999999996
0.019999999999996
2.0499999999998401E-2
2.1000000000000799E-2
2.1000000000000799E-2
2.1000000000000799E-2
1.3999999999995801E-2
0.012999999999991
1.3999999999995801E-2
0.0144999999999982
0.0144999999999982
0.0144999999999982
0.0154999999999887
0.0154999999999887
1.4999999999986399E-2
0.012999999999991
1.0999999999995701E-2
9.5000000000027302E-3
0.0100000000000051
9.5000000000027302E-3
9.0000000000003393E-3
0.0105000000000075
0.0150000000000006
1.5500000000002999E-2
1.5500000000002999E-2
1.8000000000000699E-2
1.9000000000005499E-2
0.019999999999996
2.9000000000010601E-2
3.1499999999994102E-2
3.1499999999994102E-2
0.0274999999999892
3.1499999999994102E-2
2.9499999999998701E-2
0.0289999999999964
2.5499999999993899E-2
0.0245000000000033
0.0245000000000033
0.0245000000000033
2.5000000000005702E-2
2.5000000000005702E-2
2.1500000000003201E-2
2.1000000000000799E-2
0.019999999999996
2.0499999999998401E-2
2.1000000000000799E-2
2.2499999999993699E-2
3.1499999999994102E-2
2.8499999999993999E-2
0.0229999999999961
0.019999999999996
1.9500000000007799E-2
3.3500000000003603E-2
4.5999999999992297E-2
4.8499999999990002E-2
5.0499999999999497E-2
4.9999999999997199E-2
5.1000000000001898E-2
4.8999999999992397E-2
4.9999999999997199E-2
4.9499999999994798E-2
4.8999999999992397E-2
4.9499999999994798E-2
5.0499999999999497E-2
4.9499999999994798E-2
4.9499999999994798E-2
4.9000000000006601E-2
5.2000000000006701E-2
5.1500000000004299E-2
4.8999999999992397E-2
4.9499999999994798E-2
4.9999999999997199E-2
5.0499999999999497E-2
5.2999999999997299E-2
5.5999999999997399E-2
5.5999999999997399E-2
5.5999999999997399E-2
5.5999999999997399E-2
0.0564999999999998
0.0564999999999998
5.5999999999997399E-2
0.0550000000000068
5.3499999999999701E-2
5.3499999999999701E-2
5.4500000000004399E-2
5.4500000000004399E-2
5.3499999999999701E-2
5.4000000000001998E-2
4.9999999999997199E-2
4.9999999999997199E-2
5.0999999999987701E-2
5.1500000000004299E-2
4.8000000000001798E-2
4.8999999999992397E-2
4.8999999999992397E-2
4.8000000000001798E-2
4.8000000000001798E-2
4.8000000000001798E-2
4.8500000000004199E-2
4.8000000000001798E-2
4.7499999999999397E-2
4.7499999999999397E-2
4.8000000000001798E-2
4.7499999999999397E-2
4.9000000000006601E-2
4.8500000000004199E-2
4.8500000000004199E-2
5.3000000000011503E-2
5.2999999999997299E-2
5.3499999999999701E-2
5.3000000000011503E-2
6.1499999999995197E-2
7.1500000000000299E-2
7.3000000000007503E-2
7.2500000000005102E-2
7.4500000000000496E-2
7.5000000000002801E-2
7.5499999999991005E-2
7.5499999999991005E-2
7.5999999999993406E-2
7.7999999999988703E-2
7.8999999999993506E-2
7.6999999999998195E-2
7.7500000000000596E-2
7.5999999999993406E-2
7.4999999999988604E-2
7.5999999999993406E-2
7.9499999999995893E-2
7.8999999999993506E-2
7.8499999999991105E-2
7.6499999999995794E-2
7.5999999999993406E-2
7.3999999999998095E-2
7.6999999999998195E-2
7.5499999999991005E-2
7.5999999999993406E-2
7.5999999999993406E-2
7.6499999999995794E-2
7.5500000000005202E-2
7.8999999999993506E-2
7.8999999999993506E-2
7.8999999999993506E-2
7.8500000000005302E-2
8.0500000000000696E-2
7.8500000000005302E-2
7.8500000000005302E-2
0.0809999999999889
8.1499999999991204E-2
8.2499999999995993E-2
8.2999999999998395E-2
8.2499999999995993E-2
8.4000000000003197E-2
8.5499999999996107E-2
0.085000000000008
7.9999999999998295E-2
7.2999999999993306E-2
7.3000000000007503E-2
7.7000000000012406E-2
7.8000000000002997E-2
7.9499999999995893E-2
8.1499999999991204E-2
8.0500000000000696E-2
8.2000000000007803E-2
8.3500000000000796E-2
8.4500000000005598E-2
7.9999999999998295E-2
7.9499999999995893E-2
8.1999999999993606E-2
8.2999999999998395E-2
9.0000000000003397E-2
9.0499999999991601E-2
8.4999999999993706E-2
8.1500000000005499E-2
7.8499999999991105E-2
7.8499999999991105E-2
7.3499999999995694E-2
7.3999999999998095E-2
7.8999999999993506E-2
7.3999999999998095E-2
7.4500000000000496E-2
8.1000000000003097E-2
8.2000000000007803E-2
0.085000000000008
8.2000000000007803E-2
7.7500000000000596E-2
7.9000000000007703E-2
8.0500000000000696E-2
8.0500000000000696E-2
8.6499999999986699E-2
8.4000000000003197E-2
8.2999999999998395E-2
8.4499999999991401E-2
8.0500000000000696E-2
8.0500000000000696E-2
7.9999999999998295E-2
8.0500000000000696E-2
7.9999999999998295E-2
8.2999999999998395E-2
8.5499999999996107E-2
8.6500000000000896E-2
8.8499999999996207E-2
8.8999999999998594E-2
8.5999999999998494E-2
8.7500000000005698E-2
8.8499999999996207E-2
0.0880000000000081
8.8499999999996207E-2
8.7000000000003297E-2
9.0500000000005798E-2
8.8499999999996207E-2
8.6500000000000896E-2
8.6500000000000896E-2
8.2999999999998395E-2
8.4000000000003197E-2
0.0880000000000081
9.4000000000008299E-2
9.5500000000001306E-2
9.5500000000001306E-2
9.6000000000003596E-2
9.7000000000008399E-2
9.9000000000003793E-2
9.9500000000006097E-2
9.9500000000006097E-2
9.3500000000005898E-2
9.6499999999991801E-2
9.6499999999991801E-2
9.6499999999991801E-2
9.2500000000001095E-2
9.2500000000001095E-2
9.1999999999998694E-2
9.0499999999991601E-2
9.0999999999994002E-2
9.0499999999991601E-2
9.0499999999991601E-2
8.8999999999998594E-2
8.9500000000000995E-2
0.083999999999989
9.0499999999991601E-2
9.0999999999994002E-2
0.0929999999999893
9.4999999999998905E-2
9.6499999999991801E-2
9.7499999999996603E-2
9.7499999999996603E-2
9.6999999999994202E-2
9.9000000000003793E-2
9.8500000000001406E-2
8.4500000000005598E-2
8.4500000000005598E-2
8.2999999999998395E-2
7.9000000000007703E-2
7.9500000000010104E-2
7.9499999999995893E-2
7.9499999999995893E-2
7.9499999999995893E-2
7.9999999999998295E-2
7.9499999999995893E-2
7.9999999999998295E-2
8.1000000000003097E-2
8.1499999999991204E-2
7.9499999999995893E-2
7.8500000000005302E-2
7.7500000000000596E-2
7.6999999999998195E-2
7.5999999999993406E-2
7.8000000000002997E-2
8.1000000000003097E-2
8.0500000000000696E-2
8.1999999999993606E-2
8.1999999999993606E-2
8.1499999999991204E-2
0.0809999999999889
0.0809999999999889
8.1499999999991204E-2
8.1999999999993606E-2
8.5499999999996107E-2
8.4999999999993706E-2
8.7500000000005698E-2
8.7500000000005698E-2
0.085000000000008
8.3500000000000796E-2
8.3500000000000796E-2
8.4000000000003197E-2
8.1000000000003097E-2
8.3500000000000796E-2
8.4500000000005598E-2
0.085000000000008
7.5500000000005202E-2
8.4000000000003197E-2
8.4000000000003197E-2
8.0000000000012506E-2
7.9000000000007703E-2
7.9500000000010104E-2
8.0500000000000696E-2
8.2999999999998395E-2
7.9500000000010104E-2
8.0000000000012506E-2
8.7000000000003297E-2
8.9500000000000995E-2
8.9500000000000995E-2
9.0000000000003397E-2
8.8999999999998594E-2
9.0500000000005798E-2
8.9500000000000995E-2
9.0500000000005798E-2
8.4500000000005598E-2
8.4500000000005598E-2
8.8499999999996207E-2
8.7000000000003297E-2
8.5999999999998494E-2
8.4999999999993706E-2
7.2500000000005102E-2
7.3500000000009905E-2
7.3500000000009905E-2
7.3499999999995694E-2
7.3500000000009905E-2
7.3499999999995694E-2
7.5500000000005202E-2
7.6500000000010004E-2
7.5000000000002801E-2
7.7000000000012406E-2
7.6499999999995794E-2
7.8500000000005302E-2
8.4500000000005598E-2
8.3500000000000796E-2
8.3500000000000796E-2
8.4000000000003197E-2
8.4500000000005598E-2
8.2999999999998395E-2
7.7500000000000596E-2
7.5000000000002801E-2
7.6499999999995794E-2
8.1999999999993606E-2
8.4999999999993706E-2
0.0869999999999891
6.0000000000002301E-2
6.0500000000004703E-2
0.0594999999999999
6.0000000000002301E-2
5.8499999999995098E-2
6.0000000000002301E-2
0.0594999999999999
0.061000000000007
6.1500000000009401E-2
0.061000000000007
6.0000000000002301E-2
0.0594999999999999
0.0594999999999999
0.0594999999999999
5.5999999999997399E-2
5.2999999999997299E-2
5.4500000000004399E-2
5.7999999999992703E-2
5.7500000000004499E-2
5.7500000000004499E-2
0.0594999999999999
6.3500000000004803E-2
0.061000000000007
0.0594999999999999
6.2000000000011803E-2
6.2000000000011803E-2
0.061000000000007
0.061000000000007
6.0499999999990499E-2
6.1999999999997599E-2
0.0594999999999999
0.0594999999999999
0.0594999999999999
5.8499999999995098E-2
5.8499999999995098E-2
5.8499999999995098E-2
0.0580000000000069
0.0580000000000069
5.8500000000009302E-2
0.0625
6.7999999999997798E-2
6.7500000000009705E-2
6.7999999999997798E-2
6.7999999999997798E-2
6.7999999999997798E-2
6.7999999999997798E-2
0.0655000000000001
6.6999999999993107E-2
0.0685000000000002
6.9000000000002601E-2
6.9000000000002601E-2
6.9999999999993207E-2
7.1500000000000299E-2
7.5499999999991005E-2
7.4500000000000496E-2
7.4500000000000496E-2
7.5000000000002801E-2
7.5499999999991005E-2
0.0685000000000002
6.1500000000009401E-2
4.8999999999992397E-2
5.0499999999999497E-2
4.8999999999992397E-2
5.0499999999999497E-2
5.0999999999987701E-2
4.9000000000006601E-2
4.4499999999999297E-2
4.3999999999996903E-2
0.041000000000011
4.3500000000008802E-2
4.3500000000008802E-2
4.7499999999999397E-2
4.8499999999990002E-2
4.7499999999999397E-2
4.3499999999994501E-2
4.2000000000001599E-2
4.3999999999996903E-2
4.3500000000008802E-2
4.6000000000006501E-2
0.0455000000000041
4.8000000000001798E-2
4.9500000000009002E-2
4.9500000000009002E-2
4.8500000000004199E-2
4.9000000000006601E-2
4.9499999999994798E-2
4.6999999999997003E-2
3.3500000000003603E-2
3.4500000000008399E-2
0.0320000000000107
0.0369999999999919
3.3000000000001299E-2
3.3499999999989399E-2
3.3000000000001299E-2
3.0999999999991701E-2
3.4000000000005998E-2
3.1500000000008299E-2
3.2499999999998898E-2
3.5499999999998998E-2
3.1999999999996503E-2
3.1999999999996503E-2
3.1499999999994102E-2
3.4999999999996603E-2
3.8499999999999097E-2
3.7999999999996703E-2
3.4499999999994202E-2
3.3499999999989399E-2
3.3000000000001299E-2
2.4000000000000899E-2
2.2000000000005598E-2
2.0499999999998401E-2
0.019999999999996
2.0000000000010201E-2
2.3499999999998501E-2
2.6000000000010501E-2
2.5000000000005702E-2
0.0255000000000081
2.4000000000000899E-2
1.4000000000009999E-2
0.0135000000000076
0.0130000000000052
0.0130000000000052
0.0135000000000076
0.0144999999999982
0.019999999999996
2.1000000000000799E-2
2.0499999999998401E-2
2.1000000000000799E-2
2.0499999999998401E-2
2.1000000000000799E-2
0.019999999999996
0.019999999999996
2.1999999999991401E-2
2.1500000000003201E-2
1.9500000000007799E-2
2.1500000000003201E-2
0.019999999999996
0.0245000000000033
2.5000000000005702E-2
2.5000000000005702E-2
2.4000000000000899E-2
2.4000000000000899E-2
2.4000000000000899E-2
2.4000000000000899E-2
0.0229999999999961
2.3499999999998501E-2
1.8000000000000699E-2
1.7499999999998302E-2
0.0130000000000052
0.0130000000000052
1.0499999999993299E-2
1.6000000000005302E-2
1.6499999999993499E-2
0.0150000000000006
0.0169999999999959
0.0144999999999982
1.6499999999993499E-2
1.5999999999991101E-2
1.3499999999993399E-2
0.0150000000000006
0.0150000000000006
1.9499999999993599E-2
1.7499999999998302E-2
1.6499999999993499E-2
6.4999999999883996E-3
0.00549999999999784
7.9999999999955697E-3
9.0000000000003393E-3
6.9999999999907896E-3
9.0000000000003393E-3
9.5000000000027302E-3
0.0114999999999981
1.3499999999993399E-2
0.0130000000000052
0.0144999999999982
0.0144999999999982
0.0150000000000006
0.0150000000000006
0.0150000000000006
0.0100000000000051
0.0144999999999982
1.1000000000009899E-2
7.0000000000049996E-3
8.0000000000097805E-3
6.5000000000026096E-3
4.5000000000072803E-3
-5.0000000000238699E-4
0
-3.5000000000024998E-3
-3.9999999999906803E-3
-1.9999999999953401E-3
-9.9999999999056399E-4
-1.9999999999953401E-3
1.9999999999953401E-3
-4.0000000000048903E-3
-0.00600000000000023
-4.5000000000072803E-3
-0.00600000000000023
-0.00600000000000023
-6.5000000000026096E-3
-6.5000000000026096E-3
-9.0000000000003393E-3
-0.0105000000000075
-0.0114999999999981
-0.0114999999999981
-0.0114999999999981
-1.0499999999993299E-2
-1.8500000000003101E-2
-1.8999999999991201E-2
-0.0169999999999959
-0.0150000000000006
-0.0150000000000006
-1.6000000000005302E-2
-1.7499999999998302E-2
-1.7499999999998302E-2
-0.022500000000008
-2.1500000000003201E-2
-1.9499999999993599E-2
-2.1000000000000799E-2
-2.4000000000000899E-2
-2.9499999999998701E-2
-3.0000000000001099E-2
-0.019999999999996
-0.019999999999996
-2.0499999999998401E-2
-2.0499999999998401E-2
-1.8000000000000699E-2
-1.8000000000000699E-2
-1.8000000000000699E-2
-1.8500000000003101E-2
-1.8000000000000699E-2
-1.8000000000000699E-2
-0.0144999999999982
-1.7499999999998302E-2
-2.2000000000005598E-2
-1.8500000000003101E-2
-0.0135000000000076
-0.0144999999999982
-0.0144999999999982
-0.0100000000000051
-0.0100000000000051
-7.5000000000073896E-3
-8.4999999999979502E-3
-8.4999999999979502E-3
-8.0000000000097805E-3
-0.00600000000000023
-9.5000000000027302E-3
-8.4999999999979502E-3
-8.4999999999979502E-3
-7.5000000000073896E-3
-5.0000000000096599E-3
-5.0000000000096599E-3
-0.0135000000000076
-0.0105000000000075
-1.2500000000002801E-2
-0.0135000000000076
-1.7499999999998302E-2
-0.0114999999999981
-8.4999999999979502E-3
-6.9999999999907896E-3
-4.9999999999954499E-3
-4.0000000000048903E-3
-3.5000000000024998E-3
-2.4999999999977302E-3
-3.5000000000024998E-3
-4.4999999999930703E-3
-6.5000000000026096E-3
-5.0000000000096599E-3
-5.0000000000096599E-3
-4.0000000000048903E-3
-6.9999999999907896E-3
-0.0120000000000005
-0.0120000000000005
-0.0114999999999981
-1.1000000000009899E-2
-7.5000000000073896E-3
-1.2500000000002801E-2
-0.00549999999999784
-0.00600000000000023
-0.00549999999999784
-7.9999999999955697E-3
-0.0114999999999981
-1.3499999999993399E-2
-0.0144999999999982
-0.0150000000000006
-0.0135000000000076
-0.0130000000000052
-1.0999999999995701E-2
-0.0105000000000075
-0.0135000000000076
-0.0130000000000052
-0.0135000000000076
-0.0130000000000052
-1.2500000000002801E-2
-0.0100000000000051
5.0000000000238699E-4
-0.0169999999999959
-1.7499999999998302E-2
-0.0144999999999982
-0.0150000000000006
-0.0150000000000006
-0.0144999999999982
-1.9000000000005499E-2
-1.8000000000000699E-2
-1.8000000000000699E-2
-2.1500000000003201E-2
-2.8000000000005801E-2
-0.0305000000000035
-3.1500000000008299E-2
-2.9000000000010601E-2
-2.8500000000008199E-2
-2.8500000000008199E-2
-3.0000000000001099E-2
-0.0305000000000035
-2.8500000000008199E-2
-2.7000000000000999E-2
-2.6499999999998601E-2
-0.022500000000008
-2.1000000000000799E-2
-2.1000000000000799E-2
-2.1000000000000799E-2
-2.1000000000000799E-2
-0.0275000000000034
-2.9499999999998701E-2
-0.0305000000000035
-3.1000000000005901E-2
-3.1499999999994102E-2
-3.0000000000001099E-2
-3.0000000000001099E-2
-0.0305000000000035
-2.8000000000005801E-2
-0.0305000000000035
-0.0305000000000035
-3.1500000000008299E-2
-3.3000000000001299E-2
-3.2499999999998898E-2
-3.4999999999996603E-2
-3.7499999999994302E-2
-3.7000000000006097E-2
-3.7000000000006097E-2
-4.7999999999987601E-2
-4.9499999999994798E-2
-4.2000000000001599E-2
-0.042500000000004
-3.8499999999999097E-2
-4.1499999999999197E-2
-3.4999999999996603E-2
-0.0369999999999919
-3.6499999999989499E-2
-3.3999999999991801E-2
-3.1499999999994102E-2
-2.8499999999993999E-2
-2.5000000000005702E-2
-2.8000000000005801E-2
-3.1000000000005901E-2
-3.1500000000008299E-2
-3.7499999999994302E-2
-3.1999999999996503E-2
-0.0289999999999964
-0.0245000000000033
-0.0259999999999962
-0.0255000000000081
-2.5000000000005702E-2
-2.3499999999998501E-2
-0.0255000000000081
-0.0255000000000081
-0.0255000000000081
-2.5000000000005702E-2
-2.5000000000005702E-2
-2.2499999999993699E-2
-2.2499999999993699E-2
-9.0000000000003393E-3
-0.0100000000000051
-7.9999999999955697E-3
-1.3499999999993399E-2
-0.0135000000000076
-1.0999999999995701E-2
-0.0130000000000052
-1.3499999999993399E-2
-0.0135000000000076
-0.0130000000000052
-1.3499999999993399E-2
-1.8000000000000699E-2
-1.9000000000005499E-2
-2.2000000000005598E-2
-2.2499999999993699E-2
-2.1000000000000799E-2
-1.9000000000005499E-2
-1.7499999999998302E-2
-2.0499999999998401E-2
-0.019999999999996
-1.8999999999991201E-2
-1.3499999999993399E-2
-0.0120000000000005
-0.0114999999999981
-9.0000000000003393E-3
-7.0000000000049996E-3
-7.0000000000049996E-3
-1.1000000000009899E-2
-0.0114999999999981
-0.0120000000000005
-0.0114999999999981
-1.1500000000012301E-2
-0.0120000000000005
-1.1500000000012301E-2
-1.1500000000012301E-2
-1.1500000000012301E-2
-1.2500000000002801E-2
-0.0184999999999889
-2.0499999999998401E-2
-2.1500000000003201E-2
-2.1500000000003201E-2
-2.1000000000000799E-2
-2.3499999999998501E-2
-2.3499999999998501E-2
-0.0169999999999959
-0.019999999999996
-1.9500000000007799E-2
-1.9500000000007799E-2
-2.0499999999998401E-2
-2.0499999999998401E-2
-2.0000000000010201E-2
-0.0245000000000033
-2.7000000000000999E-2
-2.5499999999993899E-2
-0.0259999999999962
-2.3499999999998501E-2
-2.7999999999991601E-2
-2.7999999999991601E-2
-0.0274999999999892
-0.0304999999999893
-2.7999999999991601E-2
-2.9499999999998701E-2
-2.7000000000000999E-2
-0.0259999999999962
-0.0259999999999962
-0.0275000000000034
-2.8499999999993999E-2
-0.0289999999999964
-0.0305000000000035
-0.0245000000000033
-0.0259999999999962
-2.6499999999998601E-2
-0.0275000000000034
-2.8000000000005801E-2
-3.3000000000001299E-2
-0.0289999999999964
-0.0289999999999964
-2.4999999999991501E-2
-2.1500000000003201E-2
-2.3499999999998501E-2
